--------------------------------------Result--------------------------------------
value_best: -300.23909491859126
position_best: [-56.03601451   4.9445391 ]
history:
1: [-64.00663223   6.158391  ] 901.9181673085141
2: [-64.00663223   6.158391  ] 901.9181673085141
3: [-64.00663223   1.50459514] 411.4381741208132
4: [-64.00663223   1.50459514] 411.4381741208132
5: [-64.00663223   1.50459514] 411.4381741208132
6: [-64.00663223   1.50459514] 411.4381741208132
7: [-64.00663223   1.50459514] 411.4381741208132
8: [-64.00663223   1.50459514] 411.4381741208132
9: [-64.00663223   1.50459514] 411.4381741208132
10: [-64.00663223   1.50459514] 411.4381741208132
11: [-64.00663223   1.50459514] 411.4381741208132
12: [-64.00663223   1.50459514] 411.4381741208132
13: [-64.00663223   1.50459514] 411.4381741208132
14: [-64.00663223   1.50459514] 411.4381741208132
15: [-64.00663223   1.50459514] 411.4381741208132
16: [-64.00663223  -0.65982246] 396.2639851841692
17: [-64.00663223  -0.65982246] 396.2639851841692
18: [-64.00663223  -0.65982246] 396.2639851841692
19: [-64.00663223  -0.65982246] 396.2639851841692
20: [-64.00663223  -0.65982246] 396.2639851841692
21: [-64.00663223  -0.65982246] 396.2639851841692
22: [-64.00663223  -0.65982246] 396.2639851841692
23: [-64.00663223  -0.65982246] 396.2639851841692
24: [-64.00663223  -0.65982246] 396.2639851841692
25: [-64.00663223  -0.65982246] 396.2639851841692
26: [-64.00663223  -0.65982246] 396.2639851841692
27: [-64.00663223  -0.65982246] 396.2639851841692
28: [-64.00663223  -0.65982246] 396.2639851841692
29: [-64.00663223  -0.65982246] 396.2639851841692
30: [-64.00663223  -0.65982246] 396.2639851841692
31: [-64.00663223  -0.65982246] 396.2639851841692
32: [-64.00663223  -0.65982246] 396.2639851841692
33: [-53.81637627   2.27977774] 337.5966700031903
34: [-53.81637627   2.27977774] 337.5966700031903
35: [-53.81637627   2.27977774] 337.5966700031903
36: [-53.81637627   2.27977774] 337.5966700031903
37: [-53.81637627   2.27977774] 337.5966700031903
38: [-53.81637627   2.27977774] 337.5966700031903
39: [-53.81637627   2.27977774] 337.5966700031903
40: [-53.81637627   2.27977774] 337.5966700031903
41: [-53.81637627   2.27977774] 337.5966700031903
42: [-53.81637627   2.27977774] 337.5966700031903
43: [-53.81637627   2.27977774] 337.5966700031903
44: [-53.81637627   2.27977774] 337.5966700031903
45: [-53.81637627   2.27977774] 337.5966700031903
46: [-53.81637627   2.27977774] 337.5966700031903
47: [-54.50918542   2.27977774] 322.489892948379
48: [-54.50918542   2.27977774] 322.489892948379
49: [-54.50918542   2.27977774] 322.489892948379
50: [-54.50918542   2.27977774] 322.489892948379
51: [-54.50918542   2.27977774] 322.489892948379
52: [-54.50918542   2.27977774] 322.489892948379
53: [-54.50918542   2.27977774] 322.489892948379
54: [-54.50918542   2.27977774] 322.489892948379
55: [-54.50918542   2.27977774] 322.489892948379
56: [-54.50918542   2.27977774] 322.489892948379
57: [-54.50918542   2.27977774] 322.489892948379
58: [-54.50918542   2.27977774] 322.489892948379
59: [-54.50918542   2.27977774] 322.489892948379
60: [-54.50918542   2.27977774] 322.489892948379
61: [-54.50918542   2.27977774] 322.489892948379
62: [-54.50918542   2.27977774] 322.489892948379
63: [-54.50918542   2.27977774] 322.489892948379
64: [-54.50918542   2.27977774] 322.489892948379
65: [-54.50918542   2.27977774] 322.489892948379
66: [-54.50918542   2.27977774] 322.489892948379
67: [-54.50918542   2.27977774] 322.489892948379
68: [-54.50918542   2.27977774] 322.489892948379
69: [-54.50918542   2.27977774] 322.489892948379
70: [-54.50918542   4.41921699] 302.9663275975423
71: [-54.50918542   4.41921699] 302.9663275975423
72: [-54.50918542   4.41921699] 302.9663275975423
73: [-54.50918542   4.41921699] 302.9663275975423
74: [-54.50918542   4.41921699] 302.9663275975423
75: [-54.50918542   4.41921699] 302.9663275975423
76: [-54.50918542   4.41921699] 302.9663275975423
77: [-54.50918542   4.41921699] 302.9663275975423
78: [-54.50918542   4.41921699] 302.9663275975423
79: [-54.50918542   4.41921699] 302.9663275975423
80: [-54.50918542   4.41921699] 302.9663275975423
81: [-54.50918542   4.41921699] 302.9663275975423
82: [-54.50918542   4.41921699] 302.9663275975423
83: [-54.50918542   4.41921699] 302.9663275975423
84: [-54.50918499   4.96090844] 302.5024258916832
85: [-54.50918499   4.96090844] 302.5024258916832
86: [-54.50918499   4.96090844] 302.5024258916832
87: [-54.50918499   4.96090844] 302.5024258916832
88: [-54.50918499   4.96090844] 302.5024258916832
89: [-54.50918499   4.96090844] 302.5024258916832
90: [-54.50918499   4.96090844] 302.5024258916832
91: [-54.50918499   4.96090844] 302.5024258916832
92: [-54.50918499   4.96090844] 302.5024258916832
93: [-54.50918499   4.96090844] 302.5024258916832
94: [-54.50918499   4.96090844] 302.5024258916832
95: [-54.50918499   4.96090844] 302.5024258916832
96: [-54.50918499   4.96090844] 302.5024258916832
97: [-54.50918499   4.96090844] 302.5024258916832
98: [-54.50918499   4.96090844] 302.5024258916832
99: [-54.50918499   4.96090844] 302.5024258916832
100: [-54.50918499   4.96090844] 302.5024258916832
101: [-54.50918499   4.96090844] 302.5024258916832
102: [-54.50918499   4.96090844] 302.5024258916832
103: [-54.50918499   4.96090844] 302.5024258916832
104: [-54.50918499   4.96090844] 302.5024258916832
105: [-54.50918499   4.96090844] 302.5024258916832
106: [-54.50918499   4.96090844] 302.5024258916832
107: [-54.50918499   4.96090844] 302.5024258916832
108: [-54.50918499   4.96090844] 302.5024258916832
109: [-54.50918499   4.96090844] 302.5024258916832
110: [-54.50918499   4.96090844] 302.5024258916832
111: [-54.50918499   4.96090844] 302.5024258916832
112: [-54.50918499   4.96090844] 302.5024258916832
113: [-54.50918499   4.96090844] 302.5024258916832
114: [-54.90096325   4.96090844] 301.3423285404632
115: [-54.90096325   4.96090844] 301.3423285404632
116: [-54.90096325   4.96090844] 301.3423285404632
117: [-54.90096325   4.96090844] 301.3423285404632
118: [-54.90096325   4.96090844] 301.3423285404632
119: [-54.90096325   4.96090844] 301.3423285404632
120: [-54.90096325   4.96090844] 301.3423285404632
121: [-54.90096325   4.96090844] 301.3423285404632
122: [-54.90096325   4.96090844] 301.3423285404632
123: [-54.90096325   4.96090844] 301.3423285404632
124: [-54.90096325   4.96090844] 301.3423285404632
125: [-54.90096325   4.96090844] 301.3423285404632
126: [-54.90096325   4.96090844] 301.3423285404632
127: [-54.90096325   4.96090844] 301.3423285404632
128: [-54.90096325   4.96090844] 301.3423285404632
129: [-54.90096325   4.96090844] 301.3423285404632
130: [-54.90096325   4.96090844] 301.3423285404632
131: [-54.90096325   4.96090844] 301.3423285404632
132: [-54.90096325   4.96090844] 301.3423285404632
133: [-54.90096325   4.96090844] 301.3423285404632
134: [-54.90096325   4.96090844] 301.3423285404632
135: [-54.90096325   4.96090844] 301.3423285404632
136: [-54.90096325   4.96090844] 301.3423285404632
137: [-54.90096325   4.96090844] 301.3423285404632
138: [-54.90096325   4.96090844] 301.3423285404632
139: [-54.90096325   4.96090844] 301.3423285404632
140: [-54.90096325   4.96090844] 301.3423285404632
141: [-54.90096325   4.96090844] 301.3423285404632
142: [-54.90096325   4.96090844] 301.3423285404632
143: [-54.90096325   4.96090844] 301.3423285404632
144: [-54.90096325   4.96090844] 301.3423285404632
145: [-54.90096325   4.96090844] 301.3423285404632
146: [-54.90096325   4.96090844] 301.3423285404632
147: [-54.90096325   4.96090844] 301.3423285404632
148: [-54.90096325   4.96090844] 301.3423285404632
149: [-54.90096325   4.96090844] 301.3423285404632
150: [-54.90096325   4.96090844] 301.3423285404632
151: [-54.90096325   4.96090844] 301.3423285404632
152: [-54.90096325   4.96090844] 301.3423285404632
153: [-54.90096325   4.96090844] 301.3423285404632
154: [-54.90096325   4.96090844] 301.3423285404632
155: [-54.90096325   4.96090844] 301.3423285404632
156: [-54.90096325   4.96090844] 301.3423285404632
157: [-54.90096325   4.96090844] 301.3423285404632
158: [-54.90096325   4.96090844] 301.3423285404632
159: [-54.90096325   4.96090844] 301.3423285404632
160: [-54.90096325   4.96090844] 301.3423285404632
161: [-54.90096325   4.96090844] 301.3423285404632
162: [-54.90096325   4.96090844] 301.3423285404632
163: [-54.90096325   4.96090844] 301.3423285404632
164: [-54.90096325   4.96090844] 301.3423285404632
165: [-56.03601451   4.96090844] 300.25740768295583
166: [-56.03601451   4.96090844] 300.25740768295583
167: [-56.03601451   4.96090844] 300.25740768295583
168: [-56.03601451   4.96090844] 300.25740768295583
169: [-56.03601451   4.96090844] 300.25740768295583
170: [-56.03601451   4.96090844] 300.25740768295583
171: [-56.03601451   4.96090844] 300.25740768295583
172: [-56.03601451   4.96090844] 300.25740768295583
173: [-56.03601451   4.96090844] 300.25740768295583
174: [-56.03601451   4.96090844] 300.25740768295583
175: [-56.03601451   4.96090844] 300.25740768295583
176: [-56.03601451   4.96090844] 300.25740768295583
177: [-56.03601451   4.96090844] 300.25740768295583
178: [-56.03601451   4.96090844] 300.25740768295583
179: [-56.03601451   4.96090844] 300.25740768295583
180: [-56.03601451   4.96090844] 300.25740768295583
181: [-56.03601451   4.96090844] 300.25740768295583
182: [-56.03601451   4.9445391 ] 300.23909491859126
183: [-56.03601451   4.9445391 ] 300.23909491859126
184: [-56.03601451   4.9445391 ] 300.23909491859126
185: [-56.03601451   4.9445391 ] 300.23909491859126
186: [-56.03601451   4.9445391 ] 300.23909491859126
187: [-56.03601451   4.9445391 ] 300.23909491859126
188: [-56.03601451   4.9445391 ] 300.23909491859126
189: [-56.03601451   4.9445391 ] 300.23909491859126
190: [-56.03601451   4.9445391 ] 300.23909491859126
191: [-56.03601451   4.9445391 ] 300.23909491859126
192: [-56.03601451   4.9445391 ] 300.23909491859126
193: [-56.03601451   4.9445391 ] 300.23909491859126
194: [-56.03601451   4.9445391 ] 300.23909491859126
195: [-56.03601451   4.9445391 ] 300.23909491859126
196: [-56.03601451   4.9445391 ] 300.23909491859126
197: [-56.03601451   4.9445391 ] 300.23909491859126
198: [-56.03601451   4.9445391 ] 300.23909491859126
199: [-56.03601451   4.9445391 ] 300.23909491859126
200: [-56.03601451   4.9445391 ] 300.23909491859126
