--------------------------------------Result--------------------------------------
value_best: -300.4239328538847
position_best: [-56.52955594   4.34887612]
history:
1: [-57.55261702   3.99947096] 303.22452316443133
2: [-57.55261702   3.99947096] 303.22452316443133
3: [-57.55261702   3.99947096] 303.22452316443133
4: [-57.55261702   3.99947096] 303.22452316443133
5: [-57.55261702   3.99947096] 303.22452316443133
6: [-57.55261702   3.99947096] 303.22452316443133
7: [-57.55261702   3.99947096] 303.22452316443133
8: [-57.55261702   3.99947096] 303.22452316443133
9: [-57.55261702   3.99947096] 303.22452316443133
10: [-57.55261702   3.99947096] 303.22452316443133
11: [-57.55261702   3.99947096] 303.22452316443133
12: [-57.55261702   3.99947096] 303.22452316443133
13: [-57.55261702   3.99947096] 303.22452316443133
14: [-57.55261702   3.99947096] 303.22452316443133
15: [-57.55261702   3.99947096] 303.22452316443133
16: [-57.55261702   3.99947096] 303.22452316443133
17: [-57.55261702   3.99947096] 303.22452316443133
18: [-57.55261702   3.99947096] 303.22452316443133
19: [-57.55261702   3.99947096] 303.22452316443133
20: [-57.55261702   3.99947096] 303.22452316443133
21: [-57.55261702   3.99947096] 303.22452316443133
22: [-57.2741903    3.99947096] 302.2370408341665
23: [-57.2741903    3.99947096] 302.2370408341665
24: [-57.2741903    3.99947096] 302.2370408341665
25: [-57.2741903    4.16083411] 302.1795064118292
26: [-57.2741903    4.16083411] 302.1795064118292
27: [-57.2741903    4.16083411] 302.1795064118292
28: [-57.2741903    4.16083411] 302.1795064118292
29: [-57.2741903    4.16083411] 302.1795064118292
30: [-57.2741903    4.16083411] 302.1795064118292
31: [-57.2741903    4.16083411] 302.1795064118292
32: [-57.2741903    4.16083411] 302.1795064118292
33: [-57.2741903    4.16083411] 302.1795064118292
34: [-57.2741903    4.16083411] 302.1795064118292
35: [-57.2741903    4.16083411] 302.1795064118292
36: [-57.2741903    4.16083411] 302.1795064118292
37: [-57.2741903    4.16083411] 302.1795064118292
38: [-57.2741903    4.16083411] 302.1795064118292
39: [-57.2741903    4.16083411] 302.1795064118292
40: [-57.2741903    4.16083411] 302.1795064118292
41: [-57.2741903    4.16083411] 302.1795064118292
42: [-57.2741903    4.16083411] 302.1795064118292
43: [-57.2741903    4.16083411] 302.1795064118292
44: [-57.2741903    4.16083411] 302.1795064118292
45: [-57.2741903    4.16083411] 302.1795064118292
46: [-56.52955594   3.99947096] 300.64512768959327
47: [-56.52955594   3.99947096] 300.64512768959327
48: [-56.52955594   3.99947096] 300.64512768959327
49: [-56.52955594   3.99947096] 300.64512768959327
50: [-56.52955594   3.99947096] 300.64512768959327
51: [-56.52955594   3.99947096] 300.64512768959327
52: [-56.52955594   3.99947096] 300.64512768959327
53: [-56.52955594   3.99947096] 300.64512768959327
54: [-56.52955594   3.99947096] 300.64512768959327
55: [-56.52955594   3.99947096] 300.64512768959327
56: [-56.52955594   3.99947096] 300.64512768959327
57: [-56.52955594   3.99947096] 300.64512768959327
58: [-56.52955594   3.99947096] 300.64512768959327
59: [-56.52955594   3.99947096] 300.64512768959327
60: [-56.52955594   3.99947096] 300.64512768959327
61: [-56.52955594   3.99947096] 300.64512768959327
62: [-56.52955594   3.99947096] 300.64512768959327
63: [-56.52955594   3.99947096] 300.64512768959327
64: [-56.52955594   3.99947096] 300.64512768959327
65: [-56.52955594   4.34887612] 300.4239328538847
66: [-56.52955594   4.34887612] 300.4239328538847
67: [-56.52955594   4.34887612] 300.4239328538847
68: [-56.52955594   4.34887612] 300.4239328538847
69: [-56.52955594   4.34887612] 300.4239328538847
70: [-56.52955594   4.34887612] 300.4239328538847
71: [-56.52955594   4.34887612] 300.4239328538847
72: [-56.52955594   4.34887612] 300.4239328538847
73: [-56.52955594   4.34887612] 300.4239328538847
74: [-56.52955594   4.34887612] 300.4239328538847
75: [-56.52955594   4.34887612] 300.4239328538847
76: [-56.52955594   4.34887612] 300.4239328538847
77: [-56.52955594   4.34887612] 300.4239328538847
78: [-56.52955594   4.34887612] 300.4239328538847
79: [-56.52955594   4.34887612] 300.4239328538847
80: [-56.52955594   4.34887612] 300.4239328538847
81: [-56.52955594   4.34887612] 300.4239328538847
82: [-56.52955594   4.34887612] 300.4239328538847
83: [-56.52955594   4.34887612] 300.4239328538847
84: [-56.52955594   4.34887612] 300.4239328538847
85: [-56.52955594   4.34887612] 300.4239328538847
86: [-56.52955594   4.34887612] 300.4239328538847
87: [-56.52955594   4.34887612] 300.4239328538847
88: [-56.52955594   4.34887612] 300.4239328538847
89: [-56.52955594   4.34887612] 300.4239328538847
90: [-56.52955594   4.34887612] 300.4239328538847
91: [-56.52955594   4.34887612] 300.4239328538847
92: [-56.52955594   4.34887612] 300.4239328538847
93: [-56.52955594   4.34887612] 300.4239328538847
94: [-56.52955594   4.34887612] 300.4239328538847
95: [-56.52955594   4.34887612] 300.4239328538847
96: [-56.52955594   4.34887612] 300.4239328538847
97: [-56.52955594   4.34887612] 300.4239328538847
98: [-56.52955594   4.34887612] 300.4239328538847
99: [-56.52955594   4.34887612] 300.4239328538847
100: [-56.52955594   4.34887612] 300.4239328538847
101: [-56.52955594   4.34887612] 300.4239328538847
102: [-56.52955594   4.34887612] 300.4239328538847
103: [-56.52955594   4.34887612] 300.4239328538847
104: [-56.52955594   4.34887612] 300.4239328538847
105: [-56.52955594   4.34887612] 300.4239328538847
106: [-56.52955594   4.34887612] 300.4239328538847
107: [-56.52955594   4.34887612] 300.4239328538847
108: [-56.52955594   4.34887612] 300.4239328538847
109: [-56.52955594   4.34887612] 300.4239328538847
110: [-56.52955594   4.34887612] 300.4239328538847
111: [-56.52955594   4.34887612] 300.4239328538847
112: [-56.52955594   4.34887612] 300.4239328538847
113: [-56.52955594   4.34887612] 300.4239328538847
114: [-56.52955594   4.34887612] 300.4239328538847
115: [-56.52955594   4.34887612] 300.4239328538847
116: [-56.52955594   4.34887612] 300.4239328538847
117: [-56.52955594   4.34887612] 300.4239328538847
118: [-56.52955594   4.34887612] 300.4239328538847
119: [-56.52955594   4.34887612] 300.4239328538847
120: [-56.52955594   4.34887612] 300.4239328538847
121: [-56.52955594   4.34887612] 300.4239328538847
122: [-56.52955594   4.34887612] 300.4239328538847
123: [-56.52955594   4.34887612] 300.4239328538847
124: [-56.52955594   4.34887612] 300.4239328538847
125: [-56.52955594   4.34887612] 300.4239328538847
126: [-56.52955594   4.34887612] 300.4239328538847
127: [-56.52955594   4.34887612] 300.4239328538847
128: [-56.52955594   4.34887612] 300.4239328538847
129: [-56.52955594   4.34887612] 300.4239328538847
130: [-56.52955594   4.34887612] 300.4239328538847
131: [-56.52955594   4.34887612] 300.4239328538847
132: [-56.52955594   4.34887612] 300.4239328538847
133: [-56.52955594   4.34887612] 300.4239328538847
134: [-56.52955594   4.34887612] 300.4239328538847
135: [-56.52955594   4.34887612] 300.4239328538847
136: [-56.52955594   4.34887612] 300.4239328538847
137: [-56.52955594   4.34887612] 300.4239328538847
138: [-56.52955594   4.34887612] 300.4239328538847
139: [-56.52955594   4.34887612] 300.4239328538847
140: [-56.52955594   4.34887612] 300.4239328538847
141: [-56.52955594   4.34887612] 300.4239328538847
142: [-56.52955594   4.34887612] 300.4239328538847
143: [-56.52955594   4.34887612] 300.4239328538847
144: [-56.52955594   4.34887612] 300.4239328538847
145: [-56.52955594   4.34887612] 300.4239328538847
146: [-56.52955594   4.34887612] 300.4239328538847
147: [-56.52955594   4.34887612] 300.4239328538847
148: [-56.52955594   4.34887612] 300.4239328538847
149: [-56.52955594   4.34887612] 300.4239328538847
150: [-56.52955594   4.34887612] 300.4239328538847
151: [-56.52955594   4.34887612] 300.4239328538847
152: [-56.52955594   4.34887612] 300.4239328538847
153: [-56.52955594   4.34887612] 300.4239328538847
154: [-56.52955594   4.34887612] 300.4239328538847
155: [-56.52955594   4.34887612] 300.4239328538847
156: [-56.52955594   4.34887612] 300.4239328538847
157: [-56.52955594   4.34887612] 300.4239328538847
158: [-56.52955594   4.34887612] 300.4239328538847
159: [-56.52955594   4.34887612] 300.4239328538847
160: [-56.52955594   4.34887612] 300.4239328538847
161: [-56.52955594   4.34887612] 300.4239328538847
162: [-56.52955594   4.34887612] 300.4239328538847
163: [-56.52955594   4.34887612] 300.4239328538847
164: [-56.52955594   4.34887612] 300.4239328538847
165: [-56.52955594   4.34887612] 300.4239328538847
166: [-56.52955594   4.34887612] 300.4239328538847
167: [-56.52955594   4.34887612] 300.4239328538847
168: [-56.52955594   4.34887612] 300.4239328538847
169: [-56.52955594   4.34887612] 300.4239328538847
170: [-56.52955594   4.34887612] 300.4239328538847
171: [-56.52955594   4.34887612] 300.4239328538847
172: [-56.52955594   4.34887612] 300.4239328538847
173: [-56.52955594   4.34887612] 300.4239328538847
174: [-56.52955594   4.34887612] 300.4239328538847
175: [-56.52955594   4.34887612] 300.4239328538847
176: [-56.52955594   4.34887612] 300.4239328538847
177: [-56.52955594   4.34887612] 300.4239328538847
178: [-56.52955594   4.34887612] 300.4239328538847
179: [-56.52955594   4.34887612] 300.4239328538847
180: [-56.52955594   4.34887612] 300.4239328538847
181: [-56.52955594   4.34887612] 300.4239328538847
182: [-56.52955594   4.34887612] 300.4239328538847
183: [-56.52955594   4.34887612] 300.4239328538847
184: [-56.52955594   4.34887612] 300.4239328538847
185: [-56.52955594   4.34887612] 300.4239328538847
186: [-56.52955594   4.34887612] 300.4239328538847
187: [-56.52955594   4.34887612] 300.4239328538847
188: [-56.52955594   4.34887612] 300.4239328538847
189: [-56.52955594   4.34887612] 300.4239328538847
190: [-56.52955594   4.34887612] 300.4239328538847
191: [-56.52955594   4.34887612] 300.4239328538847
192: [-56.52955594   4.34887612] 300.4239328538847
193: [-56.52955594   4.34887612] 300.4239328538847
194: [-56.52955594   4.34887612] 300.4239328538847
195: [-56.52955594   4.34887612] 300.4239328538847
196: [-56.52955594   4.34887612] 300.4239328538847
197: [-56.52955594   4.34887612] 300.4239328538847
198: [-56.52955594   4.34887612] 300.4239328538847
199: [-56.52955594   4.34887612] 300.4239328538847
200: [-56.52955594   4.34887612] 300.4239328538847
