--------------------------------------Result--------------------------------------
value_best: -313.8000844002354
position_best: [-55.10888969   7.65364273]
history:
1: [-31.084118    14.25748192] 3626.630254960448
2: [-31.084118    14.25748192] 3626.630254960448
3: [-86.23414107 -20.18216747] 1851.649860152931
4: [-86.23414107 -20.18216747] 1851.649860152931
5: [-86.23414107 -20.18216747] 1851.649860152931
6: [-86.23414107 -20.18216747] 1851.649860152931
7: [-86.23414107 -20.18216747] 1851.649860152931
8: [-86.23414107 -20.18216747] 1851.649860152931
9: [-86.23414107 -20.18216747] 1851.649860152931
10: [-85.18774792 -20.18216747] 1775.155597062356
11: [-85.18774792 -20.18216747] 1775.155597062356
12: [-85.18774792 -20.18216747] 1775.155597062356
13: [-85.18774792 -20.18216747] 1775.155597062356
14: [-85.18774792 -20.18216747] 1775.155597062356
15: [-85.18774792 -20.18216747] 1775.155597062356
16: [-85.18774792 -20.18216747] 1775.155597062356
17: [-85.18774792 -20.18216747] 1775.155597062356
18: [-85.18774792 -20.18216747] 1775.155597062356
19: [-76.46430622 -20.18216596] 1392.2438380165133
20: [-76.46430622 -20.18216596] 1392.2438380165133
21: [-76.46430622 -20.18216596] 1392.2438380165133
22: [-76.46430622 -20.18216596] 1392.2438380165133
23: [-76.46430622 -11.99257144] 1002.229434447162
24: [-76.46430622 -11.99257144] 1002.229434447162
25: [-76.46430622 -11.99257144] 1002.229434447162
26: [-76.46430622 -11.99257144] 1002.229434447162
27: [-76.46430622 -11.99257144] 1002.229434447162
28: [-76.46430622 -11.99257144] 1002.229434447162
29: [-44.09785977   7.65364265] 769.0934354968493
30: [-44.09785977   7.65364265] 769.0934354968493
31: [-44.09785977   7.65364265] 769.0934354968493
32: [-44.09785977   7.65364265] 769.0934354968493
33: [-52.32876029   7.65364265] 322.73147050264583
34: [-52.32876029   7.65364265] 322.73147050264583
35: [-52.32876029   7.65364265] 322.73147050264583
36: [-52.32876029   7.65364265] 322.73147050264583
37: [-52.32876029   7.65364265] 322.73147050264583
38: [-52.32876029   7.65364265] 322.73147050264583
39: [-52.32876029   7.65364265] 322.73147050264583
40: [-52.32876029   7.65364265] 322.73147050264583
41: [-52.32876029   7.65364265] 322.73147050264583
42: [-52.32876029   7.65364265] 322.73147050264583
43: [-52.32876029   7.65364265] 322.73147050264583
44: [-52.32876029   7.65364265] 322.73147050264583
45: [-52.32876029   7.65364265] 322.73147050264583
46: [-52.32876029   7.65364265] 322.73147050264583
47: [-52.32876029   7.65364265] 322.73147050264583
48: [-52.32876029   7.65364265] 322.73147050264583
49: [-52.32876029   7.65364265] 322.73147050264583
50: [-52.32876029   7.65364265] 322.73147050264583
51: [-52.32876029   7.65364265] 322.73147050264583
52: [-52.32876029   7.65364265] 322.73147050264583
53: [-52.32876029   7.65364265] 322.73147050264583
54: [-52.32876029   7.65364265] 322.73147050264583
55: [-52.32876029   7.65364265] 322.73147050264583
56: [-52.32876029   7.65364265] 322.73147050264583
57: [-52.32876029   7.65364265] 322.73147050264583
58: [-52.32876029   7.65364265] 322.73147050264583
59: [-52.32876029   7.65364265] 322.73147050264583
60: [-52.32876029   7.65364265] 322.73147050264583
61: [-52.32876029   7.65364265] 322.73147050264583
62: [-52.32876029   7.65364265] 322.73147050264583
63: [-52.32876029   7.65364265] 322.73147050264583
64: [-52.32876029   7.65364265] 322.73147050264583
65: [-52.32876029   7.65364265] 322.73147050264583
66: [-52.32876029   7.65364265] 322.73147050264583
67: [-52.32876029   7.65364265] 322.73147050264583
68: [-52.32876029   5.06643197] 320.4290635711207
69: [-52.32876029   5.35802796] 318.7010804695294
70: [-52.32876029   5.35802796] 318.7010804695294
71: [-52.32876029   5.35802796] 318.7010804695294
72: [-52.32876029   5.35802796] 318.7010804695294
73: [-52.32876029   5.35802796] 318.7010804695294
74: [-52.32876029   5.35802796] 318.7010804695294
75: [-52.32876029   5.35802796] 318.7010804695294
76: [-52.32876029   5.35802796] 318.7010804695294
77: [-55.10888969   7.65364273] 313.8000844002354
78: [-55.10888969   7.65364273] 313.8000844002354
79: [-55.10888969   7.65364273] 313.8000844002354
80: [-55.10888969   7.65364273] 313.8000844002354
