--------------------------------------Result--------------------------------------
value_best: -301.49233911377434
position_best: [-56.25807266   3.44839365]
history:
1: [-81.11947277 -10.45706294] 1613.806939855886
2: [-81.11947277 -10.45706294] 1613.806939855886
3: [-81.11947277 -10.45706294] 1613.806939855886
4: [-81.11947277 -10.45706294] 1613.806939855886
5: [-81.11947277 -10.45706294] 1613.806939855886
6: [-81.11947277 -10.45706294] 1613.806939855886
7: [-81.11947277 -10.45706294] 1613.806939855886
8: [-81.11947277 -10.45706294] 1613.806939855886
9: [-81.11947277 -10.45706294] 1613.806939855886
10: [-35.28240843  16.75216305] 1097.0357359420052
11: [-35.28240843  16.75216305] 1097.0357359420052
12: [-35.28240843  16.75216305] 1097.0357359420052
13: [-35.28240843  16.75216305] 1097.0357359420052
14: [-35.28240843  16.75216305] 1097.0357359420052
15: [-35.28240843  16.75216305] 1097.0357359420052
16: [-35.28240843  16.75216305] 1097.0357359420052
17: [-61.4727555    1.76106116] 342.55301279368035
18: [-61.4727555    1.76106116] 342.55301279368035
19: [-61.4727555    1.76106116] 342.55301279368035
20: [-61.4727555    1.76106116] 342.55301279368035
21: [-61.4727555    1.76106116] 342.55301279368035
22: [-61.4727555    1.76106116] 342.55301279368035
23: [-61.4727555    1.76106116] 342.55301279368035
24: [-61.4727555    1.76106116] 342.55301279368035
25: [-60.01665185   2.48218554] 322.48377325804216
26: [-60.01665185   2.48218554] 322.48377325804216
27: [-60.01665185   2.48218554] 322.48377325804216
28: [-60.01665185   2.48218554] 322.48377325804216
29: [-60.01665185   2.48218554] 322.48377325804216
30: [-60.01665185   2.48218554] 322.48377325804216
31: [-60.01665185   2.48218554] 322.48377325804216
32: [-60.01665185   2.48218554] 322.48377325804216
33: [-60.01665185   2.48218554] 322.48377325804216
34: [-60.01665185   2.48218554] 322.48377325804216
35: [-60.01665185   2.48218554] 322.48377325804216
36: [-60.01665185   2.48218554] 322.48377325804216
37: [-60.01665185   2.48218554] 322.48377325804216
38: [-60.01665185   2.48218554] 322.48377325804216
39: [-60.01665185   2.48218554] 322.48377325804216
40: [-60.01665185   2.48218554] 322.48377325804216
41: [-60.01665185   2.48218554] 322.48377325804216
42: [-60.01665185   2.48218554] 322.48377325804216
43: [-60.01665185   2.48218554] 322.48377325804216
44: [-60.01665185   2.48218554] 322.48377325804216
45: [-60.01665185   2.48218554] 322.48377325804216
46: [-60.01665185   2.48218554] 322.48377325804216
47: [-60.01665185   2.48218554] 322.48377325804216
48: [-60.01665185   2.48218554] 322.48377325804216
49: [-60.01665185   2.48218554] 322.48377325804216
50: [-60.01665185   2.48218554] 322.48377325804216
51: [-60.01665185   2.48218554] 322.48377325804216
52: [-60.01665185   2.48218554] 322.48377325804216
53: [-60.01665185   2.48218554] 322.48377325804216
54: [-60.01665185   2.48218554] 322.48377325804216
55: [-60.01665185   2.48218554] 322.48377325804216
56: [-60.01665185   2.48218554] 322.48377325804216
57: [-60.01665185   2.48218554] 322.48377325804216
58: [-60.01665185   2.48218554] 322.48377325804216
59: [-60.01665185   2.48218554] 322.48377325804216
60: [-60.01665185   2.48218554] 322.48377325804216
61: [-60.01665185   2.48218554] 322.48377325804216
62: [-60.01665185   2.48218554] 322.48377325804216
63: [-60.01665185   2.48218554] 322.48377325804216
64: [-60.01665185   2.48218554] 322.48377325804216
65: [-60.01665185   2.48218554] 322.48377325804216
66: [-60.01665185   2.48218554] 322.48377325804216
67: [-60.01665185   2.48218554] 322.48377325804216
68: [-60.01665185   2.55785807] 322.3833062062132
69: [-57.3543659    2.48218554] 306.4058960750446
70: [-57.3543659    2.48218554] 306.4058960750446
71: [-57.3543659    2.48218554] 306.4058960750446
72: [-57.3543659    2.48218554] 306.4058960750446
73: [-57.3543659    2.48218554] 306.4058960750446
74: [-57.3543659    2.48218554] 306.4058960750446
75: [-57.3543659    2.48218554] 306.4058960750446
76: [-57.3543659    2.48218554] 306.4058960750446
77: [-57.3543659    2.48218554] 306.4058960750446
78: [-57.3543659    2.48218554] 306.4058960750446
79: [-57.3543659    2.59691389] 305.89718085278196
80: [-57.3543659    2.59691389] 305.89718085278196
81: [-57.3543659    2.59691389] 305.89718085278196
82: [-57.3543659    2.59691389] 305.89718085278196
83: [-57.3543659    2.59691389] 305.89718085278196
84: [-57.3543659   4.6205637] 302.82513852643143
85: [-57.3543659   4.6205637] 302.82513852643143
86: [-57.3543659   4.6205637] 302.82513852643143
87: [-57.3543659   4.6205637] 302.82513852643143
88: [-57.3543659   4.6205637] 302.82513852643143
89: [-57.3543659   4.6205637] 302.82513852643143
90: [-57.3543659   4.6205637] 302.82513852643143
91: [-57.3543659   4.6205637] 302.82513852643143
92: [-57.3543659   4.6205637] 302.82513852643143
93: [-57.3543659   4.6205637] 302.82513852643143
94: [-57.3543659   4.6205637] 302.82513852643143
95: [-57.3543659   4.6205637] 302.82513852643143
96: [-57.3543659   4.6205637] 302.82513852643143
97: [-57.3543659   4.6205637] 302.82513852643143
98: [-57.3543659   4.6205637] 302.82513852643143
99: [-57.3543659   4.6205637] 302.82513852643143
100: [-57.3543659   4.6205637] 302.82513852643143
101: [-57.3543659   4.6205637] 302.82513852643143
102: [-57.3543659   4.6205637] 302.82513852643143
103: [-57.3543659   4.6205637] 302.82513852643143
104: [-57.3543659   4.6205637] 302.82513852643143
105: [-57.3543659   4.6205637] 302.82513852643143
106: [-57.3543659   4.6205637] 302.82513852643143
107: [-57.3543659   4.6205637] 302.82513852643143
108: [-57.3543659   4.6205637] 302.82513852643143
109: [-57.3543659   4.6205637] 302.82513852643143
110: [-57.3543659   4.6205637] 302.82513852643143
111: [-57.3543659   4.6205637] 302.82513852643143
112: [-57.3543659   4.6205637] 302.82513852643143
113: [-57.3543659   4.6205637] 302.82513852643143
114: [-57.3543659   4.6205637] 302.82513852643143
115: [-57.3543659   4.6205637] 302.82513852643143
116: [-57.3543659   4.6205637] 302.82513852643143
117: [-57.3543659   4.6205637] 302.82513852643143
118: [-57.3543659   4.6205637] 302.82513852643143
119: [-57.3543659   4.6205637] 302.82513852643143
120: [-57.3543659   4.6205637] 302.82513852643143
121: [-57.3543659   4.6205637] 302.82513852643143
122: [-57.3543659   4.6205637] 302.82513852643143
123: [-57.3543659   4.6205637] 302.82513852643143
124: [-57.3543659   4.6205637] 302.82513852643143
125: [-57.3543659   4.6205637] 302.82513852643143
126: [-57.3543659   4.6205637] 302.82513852643143
127: [-57.3543659   4.6205637] 302.82513852643143
128: [-57.3543659   4.6205637] 302.82513852643143
129: [-57.3543659   4.6205637] 302.82513852643143
130: [-57.3543659   4.6205637] 302.82513852643143
131: [-57.3543659   4.6205637] 302.82513852643143
132: [-57.3543659   4.6205637] 302.82513852643143
133: [-57.3543659   4.6205637] 302.82513852643143
134: [-57.3543659   4.6205637] 302.82513852643143
135: [-57.3543659   4.6205637] 302.82513852643143
136: [-57.3543659   4.6205637] 302.82513852643143
137: [-57.3543659   4.6205637] 302.82513852643143
138: [-57.3543659   4.6205637] 302.82513852643143
139: [-57.3543659   4.6205637] 302.82513852643143
140: [-57.3543659   4.6205637] 302.82513852643143
141: [-57.3543659   4.6205637] 302.82513852643143
142: [-57.3543659   4.6205637] 302.82513852643143
143: [-57.3543659   4.6205637] 302.82513852643143
144: [-57.3543659    3.79383345] 302.6682012383556
145: [-57.3543659    3.79383345] 302.6682012383556
146: [-57.3543659    3.79383345] 302.6682012383556
147: [-57.3543659    3.79383345] 302.6682012383556
148: [-57.3543659    3.79383345] 302.6682012383556
149: [-57.3543659    3.79383345] 302.6682012383556
150: [-56.25807266   5.66287235] 302.17302792226576
151: [-56.25807266   5.66287235] 302.17302792226576
152: [-56.25807266   5.66287235] 302.17302792226576
153: [-56.25807266   5.6162881 ] 302.0011660640407
154: [-56.25807266   5.6162881 ] 302.0011660640407
155: [-56.25807266   5.6162881 ] 302.0011660640407
156: [-56.25807266   5.6162881 ] 302.0011660640407
157: [-56.25807266   5.6162881 ] 302.0011660640407
158: [-56.25807266   5.6162881 ] 302.0011660640407
159: [-56.25807266   5.6162881 ] 302.0011660640407
160: [-56.25807266   5.6162881 ] 302.0011660640407
161: [-56.25807266   5.6162881 ] 302.0011660640407
162: [-56.25807266   5.6162881 ] 302.0011660640407
163: [-56.25807266   5.6162881 ] 302.0011660640407
164: [-56.25807266   5.6162881 ] 302.0011660640407
165: [-56.25807266   5.6162881 ] 302.0011660640407
166: [-56.25807266   5.6162881 ] 302.0011660640407
167: [-56.25807266   5.6162881 ] 302.0011660640407
168: [-56.25807266   5.6162881 ] 302.0011660640407
169: [-56.25807266   5.6162881 ] 302.0011660640407
170: [-56.25807266   5.6162881 ] 302.0011660640407
171: [-56.25807266   5.6162881 ] 302.0011660640407
172: [-56.25807266   5.6162881 ] 302.0011660640407
173: [-56.25807266   5.6162881 ] 302.0011660640407
174: [-56.25807266   5.6162881 ] 302.0011660640407
175: [-56.25807266   5.6162881 ] 302.0011660640407
176: [-56.25807266   5.6162881 ] 302.0011660640407
177: [-56.25807266   5.6162881 ] 302.0011660640407
178: [-56.25807266   5.6162881 ] 302.0011660640407
179: [-56.25807266   5.6162881 ] 302.0011660640407
180: [-56.25807266   5.6162881 ] 302.0011660640407
181: [-56.25807266   5.6162881 ] 302.0011660640407
182: [-56.25807266   5.6162881 ] 302.0011660640407
183: [-56.25807266   5.6162881 ] 302.0011660640407
184: [-56.25807266   5.6162881 ] 302.0011660640407
185: [-56.25807266   5.6162881 ] 302.0011660640407
186: [-56.25807266   5.6162881 ] 302.0011660640407
187: [-56.25807266   5.6162881 ] 302.0011660640407
188: [-56.25807266   5.6162881 ] 302.0011660640407
189: [-56.25807266   5.6162881 ] 302.0011660640407
190: [-56.25807266   5.6162881 ] 302.0011660640407
191: [-56.25807266   5.6162881 ] 302.0011660640407
192: [-56.25807266   5.6162881 ] 302.0011660640407
193: [-56.25807266   5.6162881 ] 302.0011660640407
194: [-56.25807266   5.6162881 ] 302.0011660640407
195: [-56.25807266   3.44839365] 301.49233911377434
196: [-56.25807266   3.44839365] 301.49233911377434
197: [-56.25807266   3.44839365] 301.49233911377434
198: [-56.25807266   3.44839365] 301.49233911377434
199: [-56.25807266   3.44839365] 301.49233911377434
200: [-56.25807266   3.44839365] 301.49233911377434
