--------------------------------------Result--------------------------------------
value_best: -300.9089339501221
position_best: [-56.07640355   5.32990734]
history:
1: [-46.05576304   9.57955745] 452.6050394256492
2: [-46.05576304   9.57955745] 452.6050394256492
3: [-46.05576304   9.57955745] 452.6050394256492
4: [-46.05576304   9.57955745] 452.6050394256492
5: [-46.05576304   9.57955745] 452.6050394256492
6: [-46.05576304   9.57955745] 452.6050394256492
7: [-46.05576304   9.57955745] 452.6050394256492
8: [-46.05576304   9.57955745] 452.6050394256492
9: [-46.05576304   9.57955745] 452.6050394256492
10: [-46.05576304   9.57955745] 452.6050394256492
11: [-46.05576304   9.57955745] 452.6050394256492
12: [-46.05576304   9.57955745] 452.6050394256492
13: [-46.05576304   9.57955745] 452.6050394256492
14: [-46.05576304   9.57955745] 452.6050394256492
15: [-46.05576304   9.57955745] 452.6050394256492
16: [-46.05576304   9.57955745] 452.6050394256492
17: [-46.05576304   9.57955745] 452.6050394256492
18: [-50.02744527   9.57955745] 360.3987233273234
19: [-50.02744527   9.57955745] 360.3987233273234
20: [-50.02744527   9.57955745] 360.3987233273234
21: [-50.02744527   9.57955745] 360.3987233273234
22: [-50.02744527   9.57955745] 360.3987233273234
23: [-50.02744527   9.57955745] 360.3987233273234
24: [-50.02744527   9.57955745] 360.3987233273234
25: [-50.02744527   9.57955745] 360.3987233273234
26: [-50.02744527   9.57955745] 360.3987233273234
27: [-50.02744527   9.57955745] 360.3987233273234
28: [-50.02744527   9.57955745] 360.3987233273234
29: [-50.02744527   9.57955745] 360.3987233273234
30: [-50.02744527   9.57955745] 360.3987233273234
31: [-50.02744527   9.57955745] 360.3987233273234
32: [-50.02744527   9.57955745] 360.3987233273234
33: [-50.02744527   9.57955745] 360.3987233273234
34: [-50.02744527   9.57955745] 360.3987233273234
35: [-50.02744527   9.57955745] 360.3987233273234
36: [-50.02744527   9.57955745] 360.3987233273234
37: [-50.02744527   9.57955745] 360.3987233273234
38: [-50.02744527   9.57955745] 360.3987233273234
39: [-50.02744527   9.57955745] 360.3987233273234
40: [-50.02744527   9.57955745] 360.3987233273234
41: [-50.02744527   9.57955745] 360.3987233273234
42: [-50.02744527   9.57955745] 360.3987233273234
43: [-53.13385404   9.37618725] 334.00311614292843
44: [-53.13385404   9.37618725] 334.00311614292843
45: [-53.13385404   9.37618725] 334.00311614292843
46: [-53.13385404   9.37618725] 334.00311614292843
47: [-53.13385404   9.37618725] 334.00311614292843
48: [-53.13385404   9.37618725] 334.00311614292843
49: [-53.13385404   9.37618725] 334.00311614292843
50: [-53.13385404   9.37618725] 334.00311614292843
51: [-53.13385404   9.37618725] 334.00311614292843
52: [-53.13385404   9.37618725] 334.00311614292843
53: [-53.13385404   9.37618725] 334.00311614292843
54: [-53.13385404   9.37618725] 334.00311614292843
55: [-53.13385404   9.37618725] 334.00311614292843
56: [-53.13385404   9.37618725] 334.00311614292843
57: [-53.13385404   9.37618725] 334.00311614292843
58: [-53.13385404   9.37618725] 334.00311614292843
59: [-53.13385404   9.37618725] 334.00311614292843
60: [-53.13385404   9.37618725] 334.00311614292843
61: [-53.13385404   9.37618725] 334.00311614292843
62: [-53.13385404   9.37618725] 334.00311614292843
63: [-53.13385404   9.37618725] 334.00311614292843
64: [-53.13385404   9.37618725] 334.00311614292843
65: [-53.13385404   5.99934733] 310.5140865086766
66: [-53.13385404   5.99934733] 310.5140865086766
67: [-53.13385404   5.99934733] 310.5140865086766
68: [-53.13385404   5.99934733] 310.5140865086766
69: [-53.13385404   5.99934733] 310.5140865086766
70: [-53.13385404   5.99934733] 310.5140865086766
71: [-53.13385404   5.99934733] 310.5140865086766
72: [-53.13385404   5.99934733] 310.5140865086766
73: [-53.13385404   5.99934733] 310.5140865086766
74: [-53.13385404   5.99934733] 310.5140865086766
75: [-53.13385404   5.99934733] 310.5140865086766
76: [-53.13385404   5.99934733] 310.5140865086766
77: [-53.13385404   5.99934733] 310.5140865086766
78: [-53.13385404   5.99934733] 310.5140865086766
79: [-53.13385404   5.99934733] 310.5140865086766
80: [-53.13385404   5.99934733] 310.5140865086766
81: [-53.13385404   5.99934733] 310.5140865086766
82: [-53.13385404   5.99934733] 310.5140865086766
83: [-53.13385404   5.99934733] 310.5140865086766
84: [-53.13385404   5.99934733] 310.5140865086766
85: [-53.13385404   5.99934733] 310.5140865086766
86: [-53.13385404   5.99934733] 310.5140865086766
87: [-53.13385404   5.99934733] 310.5140865086766
88: [-53.13385404   5.99934733] 310.5140865086766
89: [-53.13385404   5.99934733] 310.5140865086766
90: [-53.13385404   5.99934733] 310.5140865086766
91: [-53.13385404   5.99934733] 310.5140865086766
92: [-53.13385404   5.99934733] 310.5140865086766
93: [-53.13385404   5.99934733] 310.5140865086766
94: [-53.13385404   5.99934733] 310.5140865086766
95: [-53.13385404   5.99934733] 310.5140865086766
96: [-53.13385404   5.99934733] 310.5140865086766
97: [-53.13385404   5.99934733] 310.5140865086766
98: [-53.13385404   5.99934733] 310.5140865086766
99: [-53.13385404   5.99934733] 310.5140865086766
100: [-53.13385404   5.99934733] 310.5140865086766
101: [-53.13385404   5.99934733] 310.5140865086766
102: [-53.13385404   5.99934733] 310.5140865086766
103: [-53.13385404   5.99934733] 310.5140865086766
104: [-53.13385404   5.99934733] 310.5140865086766
105: [-53.33857217   5.99934733] 309.220704924649
106: [-53.33857217   5.99934733] 309.220704924649
107: [-53.33857217   5.99934733] 309.220704924649
108: [-53.33857217   5.99934733] 309.220704924649
109: [-53.33857217   5.99934733] 309.220704924649
110: [-53.33857217   5.99934733] 309.220704924649
111: [-53.33857217   5.99934733] 309.220704924649
112: [-53.33857217   5.99934733] 309.220704924649
113: [-53.33857217   5.99934733] 309.220704924649
114: [-53.33857217   5.99934733] 309.220704924649
115: [-53.33857217   5.99934733] 309.220704924649
116: [-53.33857217   5.99934733] 309.220704924649
117: [-53.33857217   5.99934733] 309.220704924649
118: [-53.33857217   5.99934733] 309.220704924649
119: [-53.33857217   5.99934733] 309.220704924649
120: [-53.33857217   5.99934733] 309.220704924649
121: [-53.33857217   5.99934733] 309.220704924649
122: [-53.33857217   5.99934733] 309.220704924649
123: [-53.33857217   5.99934733] 309.220704924649
124: [-53.33857217   5.99934733] 309.220704924649
125: [-53.33857217   5.99934733] 309.220704924649
126: [-53.33857217   5.99934733] 309.220704924649
127: [-53.33857217   5.99934733] 309.220704924649
128: [-53.33857217   5.99934733] 309.220704924649
129: [-53.33857217   5.99934733] 309.220704924649
130: [-53.33857217   5.99934733] 309.220704924649
131: [-53.33857217   5.99934733] 309.220704924649
132: [-53.33857217   5.99934733] 309.220704924649
133: [-53.33857217   5.99934733] 309.220704924649
134: [-53.33857217   5.99934733] 309.220704924649
135: [-53.33857217   5.99934733] 309.220704924649
136: [-53.33857217   5.99934733] 309.220704924649
137: [-53.33857217   5.99934733] 309.220704924649
138: [-53.33857217   5.99934733] 309.220704924649
139: [-53.33857217   5.99934733] 309.220704924649
140: [-53.33857217   5.99934733] 309.220704924649
141: [-53.33857217   5.99934733] 309.220704924649
142: [-53.33857217   5.99934733] 309.220704924649
143: [-53.33857217   5.99934733] 309.220704924649
144: [-53.33857217   5.99934733] 309.220704924649
145: [-53.33857217   5.99934733] 309.220704924649
146: [-53.33857217   5.99934733] 309.220704924649
147: [-53.33857217   5.99934733] 309.220704924649
148: [-53.33857217   5.99934733] 309.220704924649
149: [-53.33857217   5.32990735] 308.67264016560296
150: [-53.33857217   5.32990735] 308.67264016560296
151: [-53.33857217   5.32990735] 308.67264016560296
152: [-53.33857217   5.32990735] 308.67264016560296
153: [-53.33857217   5.32990735] 308.67264016560296
154: [-53.33857217   5.32990735] 308.67264016560296
155: [-53.33857217   5.32990735] 308.67264016560296
156: [-53.33857217   5.32990735] 308.67264016560296
157: [-53.33857217   5.32990735] 308.67264016560296
158: [-53.33857217   5.32990735] 308.67264016560296
159: [-53.33857217   5.32990735] 308.67264016560296
160: [-53.33857217   5.32990735] 308.67264016560296
161: [-53.33857217   5.32990735] 308.67264016560296
162: [-53.33857217   5.32990735] 308.67264016560296
163: [-53.33857217   5.32990735] 308.67264016560296
164: [-53.33857217   5.32990735] 308.67264016560296
165: [-53.33857217   5.32990735] 308.67264016560296
166: [-53.33857217   5.32990735] 308.67264016560296
167: [-53.33857217   5.32990735] 308.67264016560296
168: [-53.33857217   5.32990735] 308.67264016560296
169: [-53.33857217   5.32990735] 308.67264016560296
170: [-53.33857217   5.32990735] 308.67264016560296
171: [-53.33857217   5.32990735] 308.67264016560296
172: [-53.33857217   5.32990735] 308.67264016560296
173: [-53.33857217   5.32990735] 308.67264016560296
174: [-53.33857217   5.32990735] 308.67264016560296
175: [-53.33857217   5.32990735] 308.67264016560296
176: [-53.33857217   5.32990735] 308.67264016560296
177: [-53.33857217   5.32990735] 308.67264016560296
178: [-53.33857217   5.32990735] 308.67264016560296
179: [-53.33857217   5.32990735] 308.67264016560296
180: [-53.33857217   5.32990735] 308.67264016560296
181: [-53.33857217   5.32990735] 308.67264016560296
182: [-53.33857217   5.32990735] 308.67264016560296
183: [-53.33857217   5.32990735] 308.67264016560296
184: [-53.33857217   5.32990735] 308.67264016560296
185: [-55.40417484   5.32990735] 300.92547123418467
186: [-55.40417484   5.32990735] 300.92547123418467
187: [-55.40417484   5.32990735] 300.92547123418467
188: [-55.40417484   5.32990735] 300.92547123418467
189: [-55.40417484   5.32990735] 300.92547123418467
190: [-55.40417484   5.32990735] 300.92547123418467
191: [-55.40417484   5.32990735] 300.92547123418467
192: [-55.40417484   5.32990735] 300.92547123418467
193: [-55.40417484   5.32990735] 300.92547123418467
194: [-55.40417484   5.32990735] 300.92547123418467
195: [-55.40417484   5.32990735] 300.92547123418467
196: [-55.40417484   5.32990735] 300.92547123418467
197: [-55.40417484   5.32990735] 300.92547123418467
198: [-56.07640355   5.32990734] 300.9089339501221
199: [-56.07640355   5.32990734] 300.9089339501221
200: [-56.07640355   5.32990734] 300.9089339501221
