--------------------------------------Result--------------------------------------
value_best: -300.01666977981495
position_best: [-55.82265639   4.54124689]
history:
1: [-92.10203757 -32.23891858] 2964.854917322979
2: [-92.10203757 -32.23891858] 2964.854917322979
3: [-92.10203757 -32.23891858] 2964.854917322979
4: [-92.10203757 -32.23891858] 2964.854917322979
5: [-92.10203757 -32.23891858] 2964.854917322979
6: [-92.10203757 -32.23891858] 2964.854917322979
7: [-92.10203757 -32.23891858] 2964.854917322979
8: [-92.10203757 -32.23891858] 2964.854917322979
9: [-92.10203757 -32.23891858] 2964.854917322979
10: [-92.10203757 -32.23891858] 2964.854917322979
11: [-92.10203757 -32.23891858] 2964.854917322979
12: [-77.16681366 -23.31247268] 1786.503913494539
13: [-77.16681366 -23.31247268] 1786.503913494539
14: [-77.16681366 -23.31247268] 1786.503913494539
15: [-77.16681366 -23.31247268] 1786.503913494539
16: [-77.16681366 -23.31247268] 1786.503913494539
17: [-77.16681366 -23.31247268] 1786.503913494539
18: [-77.16681366 -23.31247268] 1786.503913494539
19: [-77.16681366 -23.31247268] 1786.503913494539
20: [-77.16681366 -23.31247268] 1786.503913494539
21: [-46.41136278   5.15287083] 759.6293278073897
22: [-46.41136278   5.15287083] 759.6293278073897
23: [-46.41136278   5.15287083] 759.6293278073897
24: [-46.41136278   5.15287083] 759.6293278073897
25: [-46.41136278   5.15287083] 759.6293278073897
26: [-46.41136278   5.15287083] 759.6293278073897
27: [-46.41136278   5.15287083] 759.6293278073897
28: [-46.41136278   5.15287083] 759.6293278073897
29: [-46.41136278   5.15287083] 759.6293278073897
30: [-55.82265638   5.00366251] 300.25895265302404
31: [-55.82265638   5.00366251] 300.25895265302404
32: [-55.82265638   5.00366251] 300.25895265302404
33: [-55.82265638   5.00366251] 300.25895265302404
34: [-55.82265638   5.00366251] 300.25895265302404
35: [-55.82265638   5.00366251] 300.25895265302404
36: [-55.82265638   5.00366251] 300.25895265302404
37: [-55.82265638   5.00366251] 300.25895265302404
38: [-55.82265638   5.00366251] 300.25895265302404
39: [-55.82265638   5.00366251] 300.25895265302404
40: [-55.82265638   5.00366251] 300.25895265302404
41: [-55.82265638   4.97403001] 300.2269834369126
42: [-55.82265638   4.97403001] 300.2269834369126
43: [-55.82265638   4.97403001] 300.2269834369126
44: [-55.82265638   4.97403001] 300.2269834369126
45: [-55.82265638   4.97403001] 300.2269834369126
46: [-55.82265638   4.97403001] 300.2269834369126
47: [-55.82265638   4.97403001] 300.2269834369126
48: [-55.82265638   4.97403001] 300.2269834369126
49: [-55.82265638   4.97403001] 300.2269834369126
50: [-55.82265638   4.97403001] 300.2269834369126
51: [-55.82265638   4.97403001] 300.2269834369126
52: [-55.82265638   4.97403001] 300.2269834369126
53: [-55.82265638   4.97403001] 300.2269834369126
54: [-55.82265638   4.97403001] 300.2269834369126
55: [-55.82265638   4.97403001] 300.2269834369126
56: [-55.82265638   4.97403001] 300.2269834369126
57: [-55.82265638   4.97403001] 300.2269834369126
58: [-55.82265638   4.97403001] 300.2269834369126
59: [-55.82265638   4.97403001] 300.2269834369126
60: [-55.82265638   4.97403001] 300.2269834369126
61: [-55.82265638   4.97403001] 300.2269834369126
62: [-55.82265638   4.97403001] 300.2269834369126
63: [-55.82265638   4.97403001] 300.2269834369126
64: [-55.82265638   4.97403001] 300.2269834369126
65: [-55.82265638   4.97403001] 300.2269834369126
66: [-55.82265638   4.97403001] 300.2269834369126
67: [-55.82265638   4.97403001] 300.2269834369126
68: [-55.82265638   4.97403001] 300.2269834369126
69: [-55.82265638   4.97403001] 300.2269834369126
70: [-55.82265638   4.97403001] 300.2269834369126
71: [-55.82265638   4.97403001] 300.2269834369126
72: [-55.82265638   4.97403001] 300.2269834369126
73: [-55.82265638   4.97403001] 300.2269834369126
74: [-55.82265638   4.36438486] 300.06767413181706
75: [-55.82265638   4.36438486] 300.06767413181706
76: [-55.82265638   4.36438486] 300.06767413181706
77: [-55.82265638   4.36438486] 300.06767413181706
78: [-55.82265638   4.36438486] 300.06767413181706
79: [-55.82265639   4.66120502] 300.027354980698
80: [-55.82265639   4.66120502] 300.027354980698
81: [-55.82265639   4.66120502] 300.027354980698
82: [-55.82265639   4.66120502] 300.027354980698
83: [-55.82265639   4.66120502] 300.027354980698
84: [-55.82265639   4.66120502] 300.027354980698
85: [-55.82265639   4.66120502] 300.027354980698
86: [-55.82265639   4.66120502] 300.027354980698
87: [-55.82265639   4.66120502] 300.027354980698
88: [-55.82265639   4.66120502] 300.027354980698
89: [-55.82265639   4.66120502] 300.027354980698
90: [-55.82265639   4.66120502] 300.027354980698
91: [-55.82265639   4.66120502] 300.027354980698
92: [-55.82265639   4.66120502] 300.027354980698
93: [-55.82265639   4.66120502] 300.027354980698
94: [-55.82265639   4.66120502] 300.027354980698
95: [-55.82265639   4.66120502] 300.027354980698
96: [-55.82265639   4.66120502] 300.027354980698
97: [-55.82265639   4.66120502] 300.027354980698
98: [-55.82265639   4.66120502] 300.027354980698
99: [-55.82265639   4.66120502] 300.027354980698
100: [-55.82265639   4.66120502] 300.027354980698
101: [-55.82265639   4.66120502] 300.027354980698
102: [-55.82265639   4.66120502] 300.027354980698
103: [-55.82265639   4.66120502] 300.027354980698
104: [-55.82265639   4.66120502] 300.027354980698
105: [-55.82265639   4.66120502] 300.027354980698
106: [-55.82265639   4.66120502] 300.027354980698
107: [-55.82265639   4.66120502] 300.027354980698
108: [-55.82265639   4.66120502] 300.027354980698
109: [-55.82265639   4.66120502] 300.027354980698
110: [-55.82265639   4.66120502] 300.027354980698
111: [-55.82265639   4.66120502] 300.027354980698
112: [-55.82265639   4.66120502] 300.027354980698
113: [-55.82265639   4.66120502] 300.027354980698
114: [-55.82265639   4.66120502] 300.027354980698
115: [-55.82265639   4.66120502] 300.027354980698
116: [-55.82265639   4.66120502] 300.027354980698
117: [-55.82265639   4.66120502] 300.027354980698
118: [-55.82265639   4.66120502] 300.027354980698
119: [-55.82265639   4.66120502] 300.027354980698
120: [-55.82265639   4.66120502] 300.027354980698
121: [-55.82265639   4.66120502] 300.027354980698
122: [-55.82265639   4.66120502] 300.027354980698
123: [-55.82265639   4.66120502] 300.027354980698
124: [-55.82265639   4.66120502] 300.027354980698
125: [-55.82265639   4.66120502] 300.027354980698
126: [-55.82265639   4.66120502] 300.027354980698
127: [-55.82265639   4.66120502] 300.027354980698
128: [-55.82265639   4.66120502] 300.027354980698
129: [-55.82265639   4.66120502] 300.027354980698
130: [-55.82265639   4.66120502] 300.027354980698
131: [-55.82265639   4.66120502] 300.027354980698
132: [-55.82265639   4.66120502] 300.027354980698
133: [-55.82265639   4.66120502] 300.027354980698
134: [-55.82265639   4.54124689] 300.01666977981495
135: [-55.82265639   4.54124689] 300.01666977981495
136: [-55.82265639   4.54124689] 300.01666977981495
137: [-55.82265639   4.54124689] 300.01666977981495
138: [-55.82265639   4.54124689] 300.01666977981495
139: [-55.82265639   4.54124689] 300.01666977981495
140: [-55.82265639   4.54124689] 300.01666977981495
141: [-55.82265639   4.54124689] 300.01666977981495
142: [-55.82265639   4.54124689] 300.01666977981495
143: [-55.82265639   4.54124689] 300.01666977981495
144: [-55.82265639   4.54124689] 300.01666977981495
145: [-55.82265639   4.54124689] 300.01666977981495
146: [-55.82265639   4.54124689] 300.01666977981495
147: [-55.82265639   4.54124689] 300.01666977981495
148: [-55.82265639   4.54124689] 300.01666977981495
149: [-55.82265639   4.54124689] 300.01666977981495
150: [-55.82265639   4.54124689] 300.01666977981495
151: [-55.82265639   4.54124689] 300.01666977981495
152: [-55.82265639   4.54124689] 300.01666977981495
153: [-55.82265639   4.54124689] 300.01666977981495
154: [-55.82265639   4.54124689] 300.01666977981495
155: [-55.82265639   4.54124689] 300.01666977981495
156: [-55.82265639   4.54124689] 300.01666977981495
157: [-55.82265639   4.54124689] 300.01666977981495
158: [-55.82265639   4.54124689] 300.01666977981495
159: [-55.82265639   4.54124689] 300.01666977981495
160: [-55.82265639   4.54124689] 300.01666977981495
161: [-55.82265639   4.54124689] 300.01666977981495
162: [-55.82265639   4.54124689] 300.01666977981495
163: [-55.82265639   4.54124689] 300.01666977981495
164: [-55.82265639   4.54124689] 300.01666977981495
165: [-55.82265639   4.54124689] 300.01666977981495
166: [-55.82265639   4.54124689] 300.01666977981495
167: [-55.82265639   4.54124689] 300.01666977981495
168: [-55.82265639   4.54124689] 300.01666977981495
169: [-55.82265639   4.54124689] 300.01666977981495
170: [-55.82265639   4.54124689] 300.01666977981495
171: [-55.82265639   4.54124689] 300.01666977981495
172: [-55.82265639   4.54124689] 300.01666977981495
173: [-55.82265639   4.54124689] 300.01666977981495
174: [-55.82265639   4.54124689] 300.01666977981495
175: [-55.82265639   4.54124689] 300.01666977981495
176: [-55.82265639   4.54124689] 300.01666977981495
177: [-55.82265639   4.54124689] 300.01666977981495
178: [-55.82265639   4.54124689] 300.01666977981495
179: [-55.82265639   4.54124689] 300.01666977981495
180: [-55.82265639   4.54124689] 300.01666977981495
181: [-55.82265639   4.54124689] 300.01666977981495
182: [-55.82265639   4.54124689] 300.01666977981495
183: [-55.82265639   4.54124689] 300.01666977981495
184: [-55.82265639   4.54124689] 300.01666977981495
185: [-55.82265639   4.54124689] 300.01666977981495
186: [-55.82265639   4.54124689] 300.01666977981495
187: [-55.82265639   4.54124689] 300.01666977981495
188: [-55.82265639   4.54124689] 300.01666977981495
189: [-55.82265639   4.54124689] 300.01666977981495
190: [-55.82265639   4.54124689] 300.01666977981495
191: [-55.82265639   4.54124689] 300.01666977981495
192: [-55.82265639   4.54124689] 300.01666977981495
193: [-55.82265639   4.54124689] 300.01666977981495
194: [-55.82265639   4.54124689] 300.01666977981495
195: [-55.82265639   4.54124689] 300.01666977981495
196: [-55.82265639   4.54124689] 300.01666977981495
197: [-55.82265639   4.54124689] 300.01666977981495
198: [-55.82265639   4.54124689] 300.01666977981495
199: [-55.82265639   4.54124689] 300.01666977981495
200: [-55.82265639   4.54124689] 300.01666977981495
201: [-55.82265639   4.54124689] 300.01666977981495
202: [-55.82265639   4.54124689] 300.01666977981495
203: [-55.82265639   4.54124689] 300.01666977981495
204: [-55.82265639   4.54124689] 300.01666977981495
205: [-55.82265639   4.54124689] 300.01666977981495
206: [-55.82265639   4.54124689] 300.01666977981495
207: [-55.82265639   4.54124689] 300.01666977981495
208: [-55.82265639   4.54124689] 300.01666977981495
209: [-55.82265639   4.54124689] 300.01666977981495
210: [-55.82265639   4.54124689] 300.01666977981495
211: [-55.82265639   4.54124689] 300.01666977981495
212: [-55.82265639   4.54124689] 300.01666977981495
213: [-55.82265639   4.54124689] 300.01666977981495
214: [-55.82265639   4.54124689] 300.01666977981495
215: [-55.82265639   4.54124689] 300.01666977981495
216: [-55.82265639   4.54124689] 300.01666977981495
217: [-55.82265639   4.54124689] 300.01666977981495
218: [-55.82265639   4.54124689] 300.01666977981495
219: [-55.82265639   4.54124689] 300.01666977981495
220: [-55.82265639   4.54124689] 300.01666977981495
221: [-55.82265639   4.54124689] 300.01666977981495
222: [-55.82265639   4.54124689] 300.01666977981495
223: [-55.82265639   4.54124689] 300.01666977981495
224: [-55.82265639   4.54124689] 300.01666977981495
225: [-55.82265639   4.54124689] 300.01666977981495
226: [-55.82265639   4.54124689] 300.01666977981495
227: [-55.82265639   4.54124689] 300.01666977981495
228: [-55.82265639   4.54124689] 300.01666977981495
229: [-55.82265639   4.54124689] 300.01666977981495
230: [-55.82265639   4.54124689] 300.01666977981495
231: [-55.82265639   4.54124689] 300.01666977981495
232: [-55.82265639   4.54124689] 300.01666977981495
233: [-55.82265639   4.54124689] 300.01666977981495
234: [-55.82265639   4.54124689] 300.01666977981495
235: [-55.82265639   4.54124689] 300.01666977981495
236: [-55.82265639   4.54124689] 300.01666977981495
237: [-55.82265639   4.54124689] 300.01666977981495
238: [-55.82265639   4.54124689] 300.01666977981495
239: [-55.82265639   4.54124689] 300.01666977981495
240: [-55.82265639   4.54124689] 300.01666977981495
241: [-55.82265639   4.54124689] 300.01666977981495
242: [-55.82265639   4.54124689] 300.01666977981495
243: [-55.82265639   4.54124689] 300.01666977981495
244: [-55.82265639   4.54124689] 300.01666977981495
245: [-55.82265639   4.54124689] 300.01666977981495
246: [-55.82265639   4.54124689] 300.01666977981495
247: [-55.82265639   4.54124689] 300.01666977981495
248: [-55.82265639   4.54124689] 300.01666977981495
249: [-55.82265639   4.54124689] 300.01666977981495
250: [-55.82265639   4.54124689] 300.01666977981495
251: [-55.82265639   4.54124689] 300.01666977981495
252: [-55.82265639   4.54124689] 300.01666977981495
253: [-55.82265639   4.54124689] 300.01666977981495
254: [-55.82265639   4.54124689] 300.01666977981495
255: [-55.82265639   4.54124689] 300.01666977981495
256: [-55.82265639   4.54124689] 300.01666977981495
257: [-55.82265639   4.54124689] 300.01666977981495
258: [-55.82265639   4.54124689] 300.01666977981495
259: [-55.82265639   4.54124689] 300.01666977981495
260: [-55.82265639   4.54124689] 300.01666977981495
261: [-55.82265639   4.54124689] 300.01666977981495
262: [-55.82265639   4.54124689] 300.01666977981495
263: [-55.82265639   4.54124689] 300.01666977981495
264: [-55.82265639   4.54124689] 300.01666977981495
265: [-55.82265639   4.54124689] 300.01666977981495
266: [-55.82265639   4.54124689] 300.01666977981495
267: [-55.82265639   4.54124689] 300.01666977981495
268: [-55.82265639   4.54124689] 300.01666977981495
269: [-55.82265639   4.54124689] 300.01666977981495
270: [-55.82265639   4.54124689] 300.01666977981495
271: [-55.82265639   4.54124689] 300.01666977981495
272: [-55.82265639   4.54124689] 300.01666977981495
273: [-55.82265639   4.54124689] 300.01666977981495
274: [-55.82265639   4.54124689] 300.01666977981495
275: [-55.82265639   4.54124689] 300.01666977981495
276: [-55.82265639   4.54124689] 300.01666977981495
277: [-55.82265639   4.54124689] 300.01666977981495
278: [-55.82265639   4.54124689] 300.01666977981495
279: [-55.82265639   4.54124689] 300.01666977981495
280: [-55.82265639   4.54124689] 300.01666977981495
281: [-55.82265639   4.54124689] 300.01666977981495
282: [-55.82265639   4.54124689] 300.01666977981495
283: [-55.82265639   4.54124689] 300.01666977981495
284: [-55.82265639   4.54124689] 300.01666977981495
285: [-55.82265639   4.54124689] 300.01666977981495
286: [-55.82265639   4.54124689] 300.01666977981495
287: [-55.82265639   4.54124689] 300.01666977981495
288: [-55.82265639   4.54124689] 300.01666977981495
289: [-55.82265639   4.54124689] 300.01666977981495
290: [-55.82265639   4.54124689] 300.01666977981495
291: [-55.82265639   4.54124689] 300.01666977981495
292: [-55.82265639   4.54124689] 300.01666977981495
293: [-55.82265639   4.54124689] 300.01666977981495
294: [-55.82265639   4.54124689] 300.01666977981495
295: [-55.82265639   4.54124689] 300.01666977981495
296: [-55.82265639   4.54124689] 300.01666977981495
297: [-55.82265639   4.54124689] 300.01666977981495
298: [-55.82265639   4.54124689] 300.01666977981495
299: [-55.82265639   4.54124689] 300.01666977981495
300: [-55.82265639   4.54124689] 300.01666977981495
